              precision    recall  f1-score   support

           0       0.70      0.85      0.77       278
           1       0.29      0.08      0.12       119
           2       0.19      0.31      0.24        71
           3       0.33      0.05      0.08        65
           4       0.23      0.38      0.29        45
           5       0.08      0.21      0.12        29
           6       0.00      0.00      0.00        32
           7       0.24      0.42      0.31        59
           8       0.16      0.15      0.16        40
           9       0.08      0.11      0.09        35
          10       0.00      0.00      0.00        16
          11       0.08      0.04      0.05        27
          12       0.00      0.00      0.00        19
          13       0.16      0.09      0.11        34
          14       0.07      0.14      0.09        36
          15       0.09      0.36      0.14        53
          16       1.00      0.04      0.07        26
          17       0.18      0.07      0.10        45
          18       0.00      0.00      0.00        14
          19       0.00      0.00      0.00        26
          20       0.12      0.09      0.10        34
          21       0.14      0.09      0.11        35
          22       0.00      0.00      0.00        23
          23       0.08      0.12      0.10        48
          24       0.04      0.03      0.03        39
          25       0.14      0.31      0.19        70
          26       0.10      0.03      0.05        32
          27       0.00      0.00      0.00        36
          28       0.11      0.05      0.07        38
          29       0.00      0.00      0.00        27
          30       0.00      0.00      0.00        24
          31       0.06      0.06      0.06        35
          32       0.00      0.00      0.00        11
          33       0.00      0.00      0.00        22
          34       0.00      0.00      0.00        30
          35       0.07      0.18      0.10        28
          36       0.00      0.00      0.00        24
          37       0.00      0.00      0.00        23
          38       0.04      0.09      0.06        34
          39       0.00      0.00      0.00        21
          40       0.00      0.00      0.00        14
          41       0.20      0.19      0.20        21
          42       0.00      0.00      0.00        13
          43       0.00      0.00      0.00         7
          44       0.00      0.00      0.00        19
          45       0.00      0.00      0.00        15
          46       0.00      0.00      0.00        17
          47       0.00      0.00      0.00        16
          48       1.00      0.04      0.08        25
          49       0.00      0.00      0.00        26
          50       0.11      0.07      0.08        15
          51       0.00      0.00      0.00        33
          52       0.09      0.12      0.10        33
          53       0.04      0.04      0.04        27
          54       0.00      0.00      0.00        13
          55       0.00      0.00      0.00        33
          56       0.00      0.00      0.00        15
          57       0.08      0.12      0.10        24
          58       0.14      0.13      0.14        15
          59       0.09      0.32      0.14        34
          60       0.00      0.00      0.00        12
          61       0.00      0.00      0.00        19
          62       1.00      0.08      0.15        12
          63       0.00      0.00      0.00         7
          64       0.05      0.07      0.06        28
          65       0.14      0.08      0.10        13
          66       0.00      0.00      0.00        12
          67       0.00      0.00      0.00        14
          68       0.00      0.00      0.00        11
          69       0.00      0.00      0.00        13
          70       0.00      0.00      0.00         5
          71       0.00      0.00      0.00        18
          72       0.00      0.00      0.00         8
          73       0.00      0.00      0.00         4
          74       0.09      0.09      0.09        22
          75       0.00      0.00      0.00         9
          76       0.00      0.00      0.00         5
          77       0.00      0.00      0.00         7
          78       0.00      0.00      0.00         4
          79       0.18      0.17      0.17        18
          80       0.00      0.00      0.00         2
          81       0.00      0.00      0.00         7
          82       0.00      0.00      0.00         2
          83       0.00      0.00      0.00         3
          84       0.12      0.42      0.19        33
          85       0.00      0.00      0.00         5
          86       0.00      0.00      0.00         1
          87       0.00      0.00      0.00         4
          88       0.00      0.00      0.00         4
          89       0.20      0.21      0.21        14

    accuracy                           0.19      2434
   macro avg       0.09      0.07      0.06      2434
weighted avg       0.19      0.19      0.16      2434
